root: 2263
aid: 0
contours: 1
vertices: 6
15.000087 4.019224
21.961598 0.000000
15.000087 -4.019224
-6.961540 -9.903839
-11.519275 -2.009601
-4.951943 9.365368
PVQS: 4 0 2 3 13 
aid: 1
contours: 1
vertices: 4
-4.951943 9.365368
-11.519275 -2.009601
-12.679516 0.000000
-6.961540 9.903839
PVQS: 3 0 2 3 
aid: 2
contours: 1
vertices: 3
24.509676 1.471132
21.961598 0.000000
15.000087 4.019224
PVQS: 3 0 2 13 
aid: 3
contours: 1
vertices: 3
-6.961540 -9.903839
-17.745258 -12.793335
-11.519275 -2.009601
PVQS: 3 0 2 13 
aid: 4
contours: 1
vertices: 4
-11.519275 -2.009601
-17.745258 -12.793335
-20.490420 -13.528900
-12.679516 0.000000
PVQS: 2 0 2 
aid: 5
contours: 1
vertices: 3
24.509676 -1.471132
15.000087 -4.019224
21.961598 0.000000
PVQS: 3 0 3 13 
aid: 6
contours: 1
vertices: 4
30.000000 0.000000
24.509676 -1.471132
21.961598 0.000000
24.509676 1.471132
PVQS: 2 0 13 
aid: 7
contours: 1
vertices: 3
-6.961540 9.903839
-12.679516 0.000000
-20.490420 13.528900
PVQS: 2 0 3 
aid: 8
contours: 1
vertices: 3
-25.980744 15.000032
-30.000000 0.000000
-34.641041 17.320557
PVQS: 2 0 6 
aid: 9
contours: 1
vertices: 3
-50.000000 20.000000
-66.592567 15.554024
-66.592567 24.445976
PVQS: 2 0 11 
aid: 10
contours: 1
vertices: 11
-34.641041 17.320557
-30.000000 0.000000
-25.980744 15.000032
-20.490420 13.528900
-12.679516 0.000000
-20.490420 -13.528900
-66.592567 -25.881964
-66.592567 15.554024
-50.000000 20.000000
-66.592567 24.445976
-66.592567 25.881964
PVQS: 1 0 
aid: 11
contours: 1
vertices: 3
51.961598 -17.320484
30.000000 -30.000000
40.980776 -10.980712
PVQS: 2 1 3 
aid: 12
contours: 1
vertices: 6
96.592567 40.009951
96.592567 8.447182
91.471132 5.490324
55.980712 14.999977
76.471100 50.490420
84.074712 52.527806
PVQS: 2 1 5 
aid: 13
contours: 1
vertices: 3
84.074712 52.527806
76.471100 50.490420
79.999947 56.602571
PVQS: 1 1 
aid: 14
contours: 1
vertices: 3
116.602571 19.999947
109.019163 15.621670
113.397439 23.205079
PVQS: 2 1 7 
aid: 15
contours: 1
vertices: 4
113.397439 23.205079
109.019163 15.621670
96.592567 8.447182
96.592567 40.009951
PVQS: 1 1 
aid: 16
contours: 1
vertices: 3
41.602571 -10.000053
41.519152 -10.048215
41.567314 -9.964796
PVQS: 2 1 13 
aid: 17
contours: 1
vertices: 7
91.471132 5.490324
51.961598 -17.320484
40.980776 -10.980712
41.519152 -10.048215
41.602571 -10.000053
41.567314 -9.964796
55.980712 14.999977
PVQS: 1 1 
aid: 18
contours: 1
vertices: 3
15.000087 4.019224
-4.951943 9.365368
-2.278892 13.995234
PVQS: 3 2 3 13 
aid: 19
contours: 1
vertices: 4
-2.278892 13.995234
-4.951943 9.365368
-6.961540 9.903839
-4.019256 15.000032
PVQS: 2 2 3 
aid: 20
contours: 1
vertices: 5
40.525580 36.076938
32.153918 31.243564
31.243564 32.153918
35.490388 39.509644
36.754228 39.848290
PVQS: 4 2 4 5 8 
aid: 21
contours: 1
vertices: 3
32.153918 31.243564
30.000000 30.000000
31.243564 32.153918
PVQS: 3 2 4 5 
aid: 22
contours: 1
vertices: 3
36.754228 39.848290
35.490388 39.509644
36.076938 40.525580
PVQS: 3 2 4 8 
aid: 23
contours: 1
vertices: 3
31.243564 32.153918
26.339750 37.057732
35.490388 39.509644
PVQS: 3 2 5 8 
aid: 24
contours: 1
vertices: 6
54.833427 21.769091
52.416740 17.583260
50.490420 16.471100
45.621850 17.775632
32.153918 31.243564
40.525580 36.076938
PVQS: 3 2 5 8 
aid: 25
contours: 1
vertices: 7
31.243564 32.153918
30.000000 30.000000
32.153918 31.243564
45.621850 17.775632
4.019195 28.923057
5.490324 31.471132
26.339750 37.057732
PVQS: 2 2 5 
aid: 26
contours: 1
vertices: 3
56.602571 19.999947
52.416740 17.583260
54.833427 21.769091
PVQS: 2 2 5 
aid: 27
contours: 1
vertices: 6
36.076938 40.525580
35.490388 39.509644
26.339750 37.057732
15.166573 48.230909
17.583260 52.416740
21.769091 54.833427
PVQS: 2 2 8 
aid: 28
contours: 1
vertices: 3
21.769091 54.833427
17.583260 52.416740
19.999947 56.602571
PVQS: 1 2 
aid: 29
contours: 1
vertices: 3
26.339750 37.057732
5.490324 31.471132
15.166573 48.230909
PVQS: 1 2 
aid: 30
contours: 1
vertices: 3
50.490420 16.471100
48.230909 15.166573
45.621850 17.775632
PVQS: 2 2 8 
aid: 31
contours: 1
vertices: 5
28.073699 3.528819
24.509676 1.471132
15.000087 4.019224
-2.278892 13.995234
4.999947 26.602571
PVQS: 2 2 13 
aid: 32
contours: 1
vertices: 7
45.621850 17.775632
48.230909 15.166573
28.073699 3.528819
4.999947 26.602571
-2.278892 13.995234
-4.019256 15.000032
4.019195 28.923057
PVQS: 1 2 
aid: 33
contours: 1
vertices: 3
-4.019256 -15.000032
-6.961540 -9.903839
15.000087 -4.019224
PVQS: 3 2 3 13 
aid: 34
contours: 1
vertices: 4
-4.019256 -15.000032
-26.519280 -27.990408
-17.745258 -12.793335
-6.961540 -9.903839
PVQS: 2 2 13 
aid: 35
contours: 1
vertices: 4
-26.519280 -27.990408
-30.000000 -30.000000
-20.490420 -13.528900
-17.745258 -12.793335
PVQS: 1 2 
aid: 36
contours: 1
vertices: 3
-23.038460 25.980759
-24.509612 20.490356
-30.000000 30.000000
PVQS: 2 3 6 
aid: 37
contours: 1
vertices: 5
-4.019256 15.000032
-6.961540 9.903839
-20.490420 13.528900
-24.509612 20.490356
-23.038460 25.980759
PVQS: 1 3 
aid: 38
contours: 1
vertices: 5
40.442397 -10.669879
5.221124 -31.004862
-4.019256 -15.000032
15.000087 -4.019224
24.509676 -1.471132
PVQS: 2 3 13 
aid: 39
contours: 1
vertices: 7
40.980776 -10.980712
30.000000 -30.000000
51.961598 -17.320484
56.602571 -19.999947
19.999947 -56.602571
5.221124 -31.004862
40.442397 -10.669879
PVQS: 1 3 
aid: 40
contours: 1
vertices: 3
40.525580 36.076938
36.754228 39.848290
55.980949 45.000087
PVQS: 3 4 5 8 
aid: 41
contours: 1
vertices: 7
98.756436 97.846082
74.378245 55.621755
55.980949 45.000087
36.754228 39.848290
36.076938 40.525580
55.621755 74.378245
97.846082 98.756436
PVQS: 2 4 8 
aid: 42
contours: 1
vertices: 3
97.846082 98.756436
55.621755 74.378245
79.999947 116.602571
PVQS: 1 4 
aid: 43
contours: 1
vertices: 3
116.602571 79.999947
74.378245 55.621755
98.756436 97.846082
PVQS: 1 4 
aid: 44
contours: 1
vertices: 3
96.592567 40.009951
84.074712 52.527806
96.592567 55.881964
PVQS: 1 5 
aid: 45
contours: 1
vertices: 3
4.019195 28.923057
0.000000 30.000000
5.490324 31.471132
PVQS: 1 5 
aid: 46
contours: 1
vertices: 4
54.833427 21.769091
40.525580 36.076938
55.980949 45.000087
70.490462 48.887909
PVQS: 2 5 8 
aid: 47
contours: 1
vertices: 3
51.602583 16.173096
50.490420 16.471100
52.416740 17.583260
PVQS: 2 5 8 
aid: 48
contours: 1
vertices: 7
55.980712 14.999977
51.602583 16.173096
52.416740 17.583260
56.602571 19.999947
54.833427 21.769091
70.490462 48.887909
76.471100 50.490420
PVQS: 1 5 
aid: 49
contours: 1
vertices: 3
96.592567 4.118036
91.471132 5.490324
96.592567 8.447182
PVQS: 1 5 
aid: 50
contours: 1
vertices: 7
-23.038460 25.980759
-30.000000 30.000000
-24.509612 20.490356
-25.980744 15.000032
-34.641041 17.320557
-55.881964 96.592567
-4.118036 96.592567
PVQS: 1 6 
aid: 51
contours: 1
vertices: 3
123.205079 13.397439
115.621670 9.019163
119.999947 16.602571
PVQS: 2 7 10 
aid: 52
contours: 1
vertices: 9
186.602571 49.999947
123.205079 13.397439
119.999947 16.602571
115.621670 9.019163
100.000000 0.000000
109.019163 15.621670
116.602571 19.999947
113.397439 23.205079
149.999947 86.602571
PVQS: 1 7 
aid: 53
contours: 1
vertices: 3
98.756436 97.846082
97.846082 98.756436
100.000000 100.000000
PVQS: 1 8 
aid: 54
contours: 1
vertices: 3
15.166573 48.230909
13.397429 50.000053
17.583260 52.416740
PVQS: 1 8 
aid: 55
contours: 1
vertices: 3
70.490462 48.887909
55.980949 45.000087
74.378245 55.621755
PVQS: 1 8 
aid: 56
contours: 1
vertices: 3
36.076938 40.525580
21.769091 54.833427
55.621755 74.378245
PVQS: 1 8 
aid: 57
contours: 1
vertices: 4
51.602583 16.173096
50.000053 13.397429
48.230909 15.166573
50.490420 16.471100
PVQS: 1 8 
aid: 58
contours: 1
vertices: 3
286.602571 50.000053
249.999947 13.397429
200.000000 100.000000
PVQS: 1 9 
aid: 59
contours: 1
vertices: 4
156.602571 -20.000053
70.000000 -70.000000
115.621670 9.019163
123.205079 13.397439
PVQS: 1 10 
aid: 60
contours: 1
vertices: 4
-66.592567 24.445976
-66.592567 15.554024
-146.592567 -5.881964
-146.592567 45.881964
PVQS: 1 11 
aid: 61
contours: 1
vertices: 3
-54.118036 -176.592567
-105.881964 -176.592567
-80.000000 -80.000000
PVQS: 1 12 
aid: 62
contours: 1
vertices: 7
41.567314 -9.964796
41.519152 -10.048215
40.442397 -10.669879
24.509676 -1.471132
30.000000 0.000000
24.509676 1.471132
28.073699 3.528819
PVQS: 1 13 
aid: 63
contours: 1
vertices: 4
5.221124 -31.004862
-45.000000 -60.000000
-26.519280 -27.990408
-4.019256 -15.000032
PVQS: 1 13 
