64
-11.5193 -9.90384 0 21.9616 9.36537 0
-12.6795 -2.0096 0 -4.95194 9.90384 0
15.0001 0 0 24.5097 4.01922 0
-17.7453 -12.7933 0 -6.96154 -2.0096 0
-20.4904 -13.5289 0 -11.5193 2.66454e-015 0
15.0001 -4.01922 0 24.5097 0 0
21.9616 -1.47113 0 30 1.47113 0
-20.4904 3.55271e-015 0 -6.96154 13.5289 0
-34.641 0 0 -25.9807 17.3206 0
-66.5926 15.554 0 -50 24.446 0
-66.5926 -25.882 0 -12.6795 25.882 0
30 -30 0 51.9616 -10.9807 0
55.9807 5.49032 0 96.5926 52.5278 0
76.4711 50.4904 0 84.0747 56.6026 0
109.019 15.6217 0 116.603 23.2051 0
96.5926 8.44718 0 113.397 40.01 0
41.5192 -10.0482 0 41.6026 -9.9648 0
40.9808 -17.3205 0 91.4711 15 0
-4.95194 4.01922 0 15.0001 13.9952 0
-6.96154 9.36537 0 -2.27889 15 0
31.2436 31.2436 0 40.5256 39.8483 0
30 30 0 32.1539 32.1539 0
35.4904 39.5096 0 36.7542 40.5256 0
26.3398 32.1539 0 35.4904 39.5096 0
32.1539 16.4711 0 54.8334 36.0769 0
4.01919 17.7756 0 45.6218 37.0577 0
52.4167 17.5833 0 56.6026 21.7691 0
15.1666 37.0577 0 36.0769 54.8334 0
17.5833 52.4167 0 21.7691 56.6026 0
5.49032 31.4711 0 26.3398 48.2309 0
45.6218 15.1666 0 50.4904 17.7756 0
-2.27889 1.47113 0 28.0737 26.6026 0
-4.01926 3.52882 0 48.2309 28.9231 0
-6.96154 -15 0 15.0001 -4.01922 0
-26.5193 -27.9904 0 -4.01926 -9.90384 0
-30 -30 0 -17.7453 -12.7933 0
-30 20.4904 0 -23.0385 30 0
-24.5096 9.90384 0 -4.01926 25.9808 0
-4.01926 -31.0049 0 40.4424 -1.47113 0
5.22112 -56.6026 0 56.6026 -10.6699 0
36.7542 36.0769 0 55.9809 45.0001 0
36.0769 39.8483 0 98.7564 98.7564 0
55.6218 74.3782 0 97.8461 116.603 0
74.3782 55.6218 0 116.603 97.8461 0
84.0747 40.01 0 96.5926 55.882 0
0 28.9231 0 5.49032 31.4711 0
40.5256 21.7691 0 70.4905 48.8879 0
50.4904 16.1731 0 52.4167 17.5833 0
51.6026 15 0 76.4711 50.4904 0
91.4711 4.11804 0 96.5926 8.44718 0
-55.882 15 0 -4.11804 96.5926 0
115.622 9.01916 0 123.205 16.6026 0
100 0 0 186.603 86.6026 0
97.8461 97.8461 0 100 100 0
13.3974 48.2309 0 17.5833 52.4167 0
55.9809 45.0001 0 74.3782 55.6218 0
21.7691 40.5256 0 55.6218 74.3782 0
48.2309 13.3974 0 51.6026 16.4711 0
200 13.3974 0 286.603 100 0
70 -70 0 156.603 13.3974 0
-146.593 -5.88196 0 -66.5926 45.882 0
-105.882 -176.593 0 -54.118 -80 0
24.5097 -10.6699 0 41.5673 3.52882 0
-45 -60 0 5.22112 -15 0
