qid: 0
440 0 15
440 2 13
441 0 1
441 1 5
441 2 4
441 3 3
441 4 9
441 5 16
443 0 0
443 1 2
443 2 10
443 3 11
444 0 14
444 1 6
444 2 7
444 3 12
446 0 8
446 1 23
qid: 1
445 0 17
445 1 18
445 2 19
qid: 2
440 0 15
440 2 13
441 0 1
441 1 5
441 2 4
441 3 3
441 4 9
441 5 16
443 0 0
443 1 2
443 2 10
443 3 11
444 0 14
444 1 6
444 2 7
444 3 12
445 0 17
445 1 18
445 2 19
446 0 8
qid: 3
440 0 15
440 1 28
440 2 13
441 0 1
441 1 5
441 2 4
441 3 3
441 4 9
441 5 16
443 0 0
443 1 2
443 2 10
443 3 11
444 0 14
444 1 6
444 2 7
444 3 12
446 0 8
447 0 27
447 1 24
447 2 25
qid: 4
445 0 17
445 1 18
445 2 19
445 3 20
qid: 5
441 0 1
441 2 4
441 4 9
441 5 16
445 0 17
445 1 18
445 2 19
qid: 6
444 0 14
444 1 6
444 2 7
444 3 12
446 1 23
446 2 21
qid: 7
qid: 8
441 2 4
441 4 9
441 5 16
445 0 17
445 1 18
445 2 19
445 3 20
qid: 9
qid: 10
447 3 26
qid: 11
qid: 12
qid: 13
440 0 15
440 1 28
440 2 13
441 0 1
441 1 5
441 2 4
441 3 3
441 4 9
441 5 16
443 0 0
443 1 2
443 2 10
443 3 11
444 0 14
444 1 6
444 2 7
444 3 12
446 0 8
446 1 23
446 4 29
447 0 27
