qid: 0
position: 30.000000 0.000000,
vr: -66.592567 -25.881964 -66.592567 25.881964 30.000000 0.000000
qid: 1
position: 30.000000 -30.000000,
vr: 79.999947 56.602571 116.602571 19.999947 30.000000 -30.000000
qid: 2
position: -30.000000 -30.000000,
vr: 19.999947 56.602571 56.602571 19.999947 -30.000000 -30.000000
qid: 3
position: -30.000000 30.000000,
vr: 56.602571 -19.999947 19.999947 -56.602571 -30.000000 30.000000
qid: 4
position: 30.000000 30.000000,
vr: 79.999947 116.602571 116.602571 79.999947 30.000000 30.000000
qid: 5
position: 0.000000 30.000000,
vr: 96.592567 55.881964 96.592567 4.118036 0.000000 30.000000
qid: 6
position: -30.000000 0.000000,
vr: -55.881964 96.592567 -4.118036 96.592567 -30.000000 0.000000
qid: 7
position: 100.000000 0.000000,
vr: 149.999947 86.602571 186.602571 49.999947 100.000000 0.000000
qid: 8
position: 100.000000 100.000000,
vr: 50.000053 13.397429 13.397429 50.000053 100.000000 100.000000
qid: 9
position: 200.000000 100.000000,
vr: 286.602571 50.000053 249.999947 13.397429 200.000000 100.000000
qid: 10
position: 70.000000 -70.000000,
vr: 119.999947 16.602571 156.602571 -20.000053 70.000000 -70.000000
qid: 11
position: -50.000000 20.000000,
vr: -146.592567 -5.881964 -146.592567 45.881964 -50.000000 20.000000
qid: 12
position: -80.000000 -80.000000,
vr: -54.118036 -176.592567 -105.881964 -176.592567 -80.000000 -80.000000
qid: 13
position: -45.000000 -60.000000,
vr: 4.999947 26.602571 41.602571 -10.000053 -45.000000 -60.000000
