root: 1278
aid: 0
contours: 1
vertices: 3
9.509644 5.490388
0.000000 0.000000
4.019241 6.961540
PVQS: 4 0 2 3 4 
aid: 1
contours: 1
vertices: 9
4.019241 6.961540
0.000000 0.000000
9.509644 5.490388
15.000087 4.019224
21.961598 0.000000
15.000087 -4.019224
-6.961540 -9.903839
-12.679516 0.000000
-6.961540 9.903839
PVQS: 3 0 2 3 
aid: 2
contours: 1
vertices: 3
24.509676 1.471132
21.961598 0.000000
15.000087 4.019224
PVQS: 2 0 2 
aid: 3
contours: 1
vertices: 3
-6.961540 -9.903839
-20.490420 -13.528900
-12.679516 0.000000
PVQS: 2 0 2 
aid: 4
contours: 1
vertices: 3
24.509676 -1.471132
15.000087 -4.019224
21.961598 0.000000
PVQS: 2 0 3 
aid: 5
contours: 1
vertices: 4
30.000000 0.000000
24.509676 -1.471132
21.961598 0.000000
24.509676 1.471132
PVQS: 1 0 
aid: 6
contours: 1
vertices: 3
-6.961540 9.903839
-12.679516 0.000000
-20.490420 13.528900
PVQS: 2 0 3 
aid: 7
contours: 1
vertices: 5
-20.490420 13.528900
-12.679516 0.000000
-20.490420 -13.528900
-66.592567 -25.881964
-66.592567 25.881964
PVQS: 1 0 
aid: 8
contours: 1
vertices: 3
51.961598 -17.320484
30.000000 -30.000000
40.980776 -10.980712
PVQS: 2 1 3 
aid: 9
contours: 1
vertices: 3
86.602571 49.999947
70.980625 40.980625
79.999947 56.602571
PVQS: 2 1 4 
aid: 10
contours: 1
vertices: 5
116.602571 19.999947
51.961598 -17.320484
40.980776 -10.980712
70.980625 40.980625
86.602571 49.999947
PVQS: 1 1 
aid: 11
contours: 1
vertices: 4
10.980799 6.339758
9.509644 5.490388
4.019241 6.961540
5.490388 9.509644
PVQS: 3 2 3 4 
aid: 12
contours: 1
vertices: 4
5.490388 9.509644
4.019241 6.961540
-6.961540 9.903839
-4.019256 15.000032
PVQS: 2 2 3 
aid: 13
contours: 1
vertices: 3
15.000087 4.019224
9.509644 5.490388
10.980799 6.339758
PVQS: 2 2 3 
aid: 14
contours: 1
vertices: 4
48.564076 28.038442
10.980799 6.339758
5.490388 9.509644
28.038442 48.564076
PVQS: 2 2 4 
aid: 15
contours: 1
vertices: 4
28.038442 48.564076
5.490388 9.509644
-4.019256 15.000032
19.999947 56.602571
PVQS: 1 2 
aid: 16
contours: 1
vertices: 5
56.602571 19.999947
24.509676 1.471132
15.000087 4.019224
10.980799 6.339758
48.564076 28.038442
PVQS: 1 2 
aid: 17
contours: 1
vertices: 3
-4.019256 -15.000032
-6.961540 -9.903839
15.000087 -4.019224
PVQS: 2 2 3 
aid: 18
contours: 1
vertices: 4
-4.019256 -15.000032
-30.000000 -30.000000
-20.490420 -13.528900
-6.961540 -9.903839
PVQS: 1 2 
aid: 19
contours: 1
vertices: 4
-4.019256 15.000032
-6.961540 9.903839
-20.490420 13.528900
-30.000000 30.000000
PVQS: 1 3 
aid: 20
contours: 1
vertices: 8
40.980776 -10.980712
30.000000 -30.000000
51.961598 -17.320484
56.602571 -19.999947
19.999947 -56.602571
-4.019256 -15.000032
15.000087 -4.019224
24.509676 -1.471132
PVQS: 1 3 
aid: 21
contours: 1
vertices: 5
79.999947 56.602571
70.980625 40.980625
48.564076 28.038442
28.038442 48.564076
49.999947 86.602571
PVQS: 1 4 
