22
0 0 0 9.50964 6.96154 0
-12.6795 -9.90384 0 21.9616 9.90384 0
15.0001 0 0 24.5097 4.01922 0
-20.4904 -13.5289 0 -6.96154 2.66454e-015 0
15.0001 -4.01922 0 24.5097 0 0
21.9616 -1.47113 0 30 1.47113 0
-20.4904 3.55271e-015 0 -6.96154 13.5289 0
-66.5926 -25.882 0 -12.6795 25.882 0
30 -30 0 51.9616 -10.9807 0
70.9806 40.9806 0 86.6026 56.6026 0
40.9808 -17.3205 0 116.603 49.9999 0
4.01924 5.49039 0 10.9808 9.50964 0
-6.96154 6.96154 0 5.49039 15 0
9.50964 4.01922 0 15.0001 6.33976 0
5.49039 6.33976 0 48.5641 48.5641 0
-4.01926 9.50964 0 28.0384 56.6026 0
10.9808 1.47113 0 56.6026 28.0384 0
-6.96154 -15 0 15.0001 -4.01922 0
-30 -30 0 -4.01926 -9.90384 0
-30 9.90384 0 -4.01926 30 0
-4.01926 -56.6026 0 56.6026 -1.47113 0
28.0384 28.0384 0 79.9999 86.6026 0
