qid: 0
position: 30.000000 0.000000,
vr: -66.592567 -25.881964 -66.592567 25.881964 30.000000 0.000000
qid: 1
position: 30.000000 -30.000000,
vr: 79.999947 56.602571 116.602571 19.999947 30.000000 -30.000000
qid: 2
position: -30.000000 -30.000000,
vr: 19.999947 56.602571 56.602571 19.999947 -30.000000 -30.000000
qid: 3
position: -30.000000 30.000000,
vr: 56.602571 -19.999947 19.999947 -56.602571 -30.000000 30.000000
qid: 4
position: 0.000000 0.000000,
vr: 49.999947 86.602571 86.602571 49.999947 0.000000 0.000000
