7042 6917 1380
4995 3765 9677
1115 6102 3878
9363 7947 1423
5266 5367 247
3644 9789 5980
1901 2078 9197
7352 338 7520
9293 2368 8515
9061 3931 1751
8234 3988 5108
9389 5247 6758
6039 9376 1465
4760 4915 7714
529 2656 3501
7939 2046 1168
5782 2232 6308
2247 2275 1079
1941 3776 3588
7659 8205 5707
9011 2493 6609
6936 1460 69
8451 9498 3622
4928 6299 1067
6157 461 3889
4337 9556 9301
1395 2887 6993
9731 8975 2506
3982 2353 6354
6740 130 9999
1042 7564 8702
1350 4684 2817
2465 1364 7099
6829 7610 6238
5359 4346 7036
2043 7730 5829
9795 8275 2822
6122 3539 1647
8740 1640 4766
8189 552 533
4681 6902 4769
8522 823 2432
7158 5072 391
6127 6231 3905
8401 3597 6952
3658 2611 935
6480 4536 9732
2341 1754 6557
7149 2991 8268
2428 8079 7936
3516 3347 7338
9681 9733 5878
2173 2736 6360
520 2383 5771
6835 3831 7377
5263 3859 2948
5068 3297 7670
1864 730 5190
4310 4224 3648
2354 5971 1282
7229 5549 6444
7151 8297 6071
5949 3173 7146
9120 9381 5994
6982 7121 5020
1098 5508 8765
4064 7961 7417
1627 9105 9588
636 9819 4731
2954 201 3848
1027 4454 6313
2563 8120 353
1601 2455 1474
3473 8542 1526
1590 5317 9143
1257 5822 1715
9163 4438 803
3931 6824 2495
1693 7921 6907
3365 119 5151
7414 3760 9373
863 3068 6404
2445 3549 6755
4266 241 86
7436 4988 9906
2263 6277 8468
3975 1923 1602
5160 4193 8465
2163 5981 6952
8300 9942 1823
601 7759 1112
660 2674 7707
7655 9584 2766
1061 2114 895
930 5675 1602
9971 8011 532
1720 3284 5841
1618 3098 9523
6950 3389 1988
8605 1024 6419
