1590 5317 9143
1027 4454 6313
636 9819 4731
1627 9105 9588
1098 5508 8765
1864 730 5190
520 2383 5771
1042 7564 8702
1350 4684 2817
1941 3776 3588
529 2656 3501
1941 3776 3588
1115 6102 3878
1901 2078 9197



3473 8542 1526
1257 5822 1715
9163 4438 803
3931 6824 2495
1693 7921 6907
3365 119 5151
7414 3760 9373
863 3068 6404
2445 3549 6755
4266 241 86
7436 4988 9906
2263 6277 8468
3975 1923 1602
5160 4193 8465
2163 5981 6952
8300 9942 1823
601 7759 1112
660 2674 7707
7655 9584 2766
1061 2114 895
930 5675 1602
9971 8011 532
1720 3284 5841
1618 3098 9523
6950 3389 1988
8605 1024 6419
