10
1 2092.188 2320.313 7793.563 7866.063 65.93558 149.4908
2 2092.188 2320.313 7793.563 7866.063 65.93558 149.4908
3 2092.188 2320.313 7793.563 7866.063 65.93558 149.4908
4 2092.188 2320.313 7793.563 7866.063 65.93558 149.4908
5 2092.188 2320.313 7793.563 7866.063 65.93558 149.4908
6 2092.188 2320.313 7793.563 7866.063 65.93558 149.4908
7 2092.188 2320.313 7793.563 7866.063 65.93558 149.4908
8 2095.938 2367.5 7835.672 7922.938 64.8074 114.1206
9 2095.938 2367.5 7835.672 7922.938 64.8074 114.1206
10 2095.938 2367.5 7835.672 7922.938 64.8074 114.1206