68 107 33 0.000000
57 146 106 0.000000
60 145 86 0.000000
40 193 50 0.000000
67 20 181 0.285714
9 101 0 0.000000
74 14 167 0.927114
11 0 185 0.000000
18 44 79 0.000000
45 197 127 0.000000
8 109 79 0.000000
17 110 104 0.000000
8 16 183 0.000000
23 23 9 0.000000
5 30 153 0.000000
66 192 61 0.000000
72 186 39 0.000000
1 34 85 0.000000
64 124 183 0.000000
53 175 33 0.000000
44 69 64 0.000000
78 70 82 0.023324
52 27 117 0.000000
87 190 149 0.000000
69 60 102 0.020408
59 140 107 0.000000
55 66 179 0.000000
69 46 145 0.428571
71 124 94 0.000000
49 23 43 0.000000
86 146 92 0.000000
3 64 151 0.000000
47 167 47 0.000000
48 90 163 0.000000
41 88 94 0.000000
10 100 88 0.000000
24 11 103 0.000000
34 19 34 0.000000
63 88 66 0.000000
19 106 46 0.000000
4 98 47 0.000000
36 144 61 0.000000
58 147 102 0.000000
16 79 162 0.000000
21 83 176 0.000000
20 64 87 0.000000
76 2 0 0.000000
89 105 191 0.011662
6 137 150 0.000000
5 76 59 0.000000
16 171 70 0.000000
84 157 135 0.000000
53 162 117 0.000000
47 160 151 0.000000
0 43 2 0.000000
68 71 12 0.000000
17 107 139 0.000000
89 92 44 0.714286
25 110 115 0.000000
33 19 178 0.000000
32 3 14 0.000000
63 63 100 0.020408
23 35 177 0.000000
2 68 27 0.000000
56 158 71 0.000000
15 77 115 0.000000
85 156 112 0.000000
81 51 107 0.469388
14 123 46 0.000000
81 103 2 0.000000
4 77 113 0.000000
19 25 30 0.000000
59 72 94 0.000000
81 147 176 0.000000
53 194 76 0.000000
46 71 47 0.000000
72 164 12 0.000000
33 181 153 0.000000
6 94 98 0.000000
48 133 75 0.000000
78 142 116 0.000000
68 150 76 0.000000
84 9 161 0.714286
20 153 61 0.000000
43 108 99 0.000000
8 67 119 0.000000
77 115 0 0.000000
18 42 75 0.000000
35 175 140 0.000000
27 177 38 0.000000
8 127 198 0.000000
57 85 137 0.000000
62 141 68 0.000000
42 158 53 0.000000
36 137 101 0.000000
7 55 189 0.000000
21 119 96 0.000000
89 83 83 0.492711
2 51 52 0.000000
13 35 11 0.000000

57 19 179 0.000000
11 176 183 0.000000
33 10 177 0.000000
16 60 98 0.000000
36 176 189 0.000000
70 90 109 0.000000
69 74 186 0.020408
81 140 30 0.000000
71 85 143 0.000000
78 54 55 1.000000
53 2 117 0.000000
27 146 186 0.000000
60 18 13 0.000000
15 197 195 0.000000
25 76 134 0.000000
30 105 7 0.000000
2 64 21 0.000000
47 174 89 0.000000
39 191 65 0.000000
44 151 115 0.000000
89 133 43 0.000000
33 2 146 0.000000
63 136 61 0.000000
40 21 78 0.000000
14 121 95 0.000000
12 193 142 0.000000
24 159 45 0.000000
57 123 158 0.000000
33 56 133 0.000000
61 190 155 0.000000
77 29 67 0.857143
15 88 143 0.000000
20 48 126 0.000000
79 150 90 0.000000
7 20 55 0.000000
79 184 191 0.000000
63 100 54 0.000000
85 167 123 0.000000
62 7 118 0.000000
65 127 8 0.000000
48 33 198 0.000000
74 30 163 0.279883
10 186 14 0.000000
56 150 38 0.000000
30 185 146 0.000000
4 42 27 0.000000
0 68 82 0.000000
47 36 123 0.000000
19 157 14 0.000000
29 64 93 0.000000
44 115 105 0.000000
3 16 40 0.000000
54 55 181 0.000000
30 46 82 0.000000
12 152 100 0.000000
78 164 71 0.000000
27 24 74 0.000000
71 53 103 0.154519
5 141 39 0.000000
77 163 118 0.000000
14 39 27 0.000000
40 32 97 0.000000
56 67 56 0.000000
82 62 94 0.507289
70 115 90 0.000000
72 122 45 0.000000
18 8 86 0.000000
9 44 99 0.000000
50 114 38 0.000000
9 144 116 0.000000
71 72 140 0.046647
29 120 134 0.000000
74 177 155 0.000000
89 179 182 0.000000
31 59 7 0.000000
80 8 49 0.632653
69 166 190 0.000000
87 89 150 1.463557
41 166 173 0.000000
4 68 193 0.000000
26 36 187 0.000000
15 116 85 0.000000
81 197 175 0.000000
69 148 178 0.000000
12 111 138 0.000000
8 195 107 0.000000
82 193 119 0.000000
70 141 199 0.000000
54 112 183 0.000000
40 0 74 0.000000
12 166 189 0.000000
19 149 169 0.000000
78 177 162 0.000000
15 34 37 0.000000
63 56 151 0.000000
42 44 145 0.000000
81 116 63 0.000000
89 164 137 0.000000
46 70 64 0.000000
49 158 144 0.000000

25 5 28 0.000000
36 22 85 0.000000
61 68 96 0.000000
47 42 13 0.000000
19 195 192 0.000000
84 144 4 0.000000
82 96 78 0.000000
66 155 68 0.000000
29 126 12 0.000000
52 108 46 0.000000
80 141 195 0.000000
50 153 156 0.000000
59 28 81 0.000000
51 125 161 0.000000
27 171 63 0.000000
19 80 181 0.000000
62 167 25 0.000000
36 43 58 0.000000
66 174 136 0.000000
12 71 32 0.000000
44 54 131 0.000000
44 23 42 0.000000
77 140 186 0.000000
32 45 185 0.000000
24 146 160 0.000000
89 72 30 0.000000
76 97 14 0.000000
8 58 152 0.000000
62 168 167 0.000000
17 164 30 0.000000
82 77 161 0.000000
58 113 173 0.000000
0 42 165 0.000000
51 50 185 0.000000
44 52 119 0.000000
29 172 11 0.000000
42 76 176 0.000000
26 103 15 0.000000
72 39 48 0.000000
58 14 47 0.000000
69 44 21 0.000000
12 182 0 0.000000
82 169 68 0.000000
31 24 49 0.000000
75 177 88 0.000000
69 77 163 0.000000
86 93 83 0.000000
15 182 81 0.000000
82 183 108 0.000000
4 101 57 0.000000
60 111 167 0.000000
82 17 150 0.000000
13 2 90 0.000000
86 153 100 0.000000
44 64 53 0.000000
56 26 59 0.000000
87 89 78 0.000000
57 35 82 0.000000
52 22 32 0.000000
26 100 108 0.000000
44 54 32 0.000000
16 42 143 0.000000
74 27 24 0.000000
57 195 128 0.000000
3 180 184 0.000000
47 136 146 0.000000
73 157 83 0.000000
29 163 175 0.000000
53 72 197 0.000000
6 122 110 0.000000
84 6 2 0.000000
58 147 118 0.000000
81 195 102 0.000000
33 112 164 0.000000
67 37 151 0.000000
47 147 121 0.000000
3 62 193 0.000000
4 56 143 0.000000
26 62 156 0.000000
21 194 97 0.000000
6 96 124 0.000000
43 53 97 0.000000
15 141 167 0.000000
3 69 78 0.000000
81 92 194 0.000000
89 77 109 0.000000
61 81 36 0.000000
43 140 143 0.000000
3 15 72 0.000000
71 138 197 0.000000
6 191 58 0.000000
0 54 15 0.000000
58 73 15 0.000000
30 120 77 0.000000
2 156 82 0.000000
14 144 26 0.000000
38 177 44 0.000000
19 136 175 0.000000
81 191 132 0.000000
6 89 17 0.000000

27 187 156 0.000000
38 179 124 0.000000
87 160 163 0.000000
43 158 101 0.000000
25 28 98 0.000000
57 21 167 0.000000
4 193 87 0.000000
67 174 19 0.000000
68 92 92 0.000000
87 159 186 0.000000
52 1 182 0.000000
28 126 41 0.000000
60 106 131 0.000000
5 15 107 0.000000
88 9 16 0.516035
70 49 62 0.000000
76 52 109 0.116618
87 141 11 0.000000
53 11 92 0.000000
51 6 147 0.000000
51 5 154 0.000000
53 135 191 0.000000
56 1 125 0.000000
9 9 164 0.000000
71 31 156 0.000000
55 130 105 0.000000
41 134 140 0.000000
16 127 188 0.000000
64 145 68 0.000000
44 97 159 0.000000
39 163 38 0.000000
32 134 12 0.000000
3 42 178 0.000000
1 34 178 0.000000
30 85 30 0.000000
48 186 197 0.000000
82 191 132 0.000000
28 166 17 0.000000
45 118 165 0.000000
14 15 28 0.000000
78 194 138 0.000000
77 16 87 0.201166
29 128 184 0.000000
41 178 174 0.000000
43 156 104 0.000000
78 193 67 0.000000
89 130 114 0.000000
83 114 165 0.000000
45 53 53 0.000000
49 139 46 0.000000
67 68 123 0.000000
19 63 137 0.000000
1 169 163 0.000000
78 52 155 0.279883
39 93 24 0.000000
44 128 163 0.000000
84 150 64 0.000000
28 28 59 0.000000
33 152 37 0.000000
78 99 118 0.000000
16 43 11 0.000000
43 90 94 0.000000
73 3 72 0.000000
38 31 103 0.000000
87 107 130 0.000000
55 188 41 0.000000
75 120 62 0.000000
30 62 8 0.000000
87 99 83 0.000000
88 29 132 0.361516
5 191 123 0.000000
78 129 55 0.000000
61 64 33 0.000000
69 42 91 0.000000
45 164 85 0.000000
25 3 68 0.000000
56 188 73 0.000000
82 175 168 0.000000
70 70 34 0.000000
88 98 83 0.000000
78 67 188 0.052478
26 183 143 0.000000
39 176 35 0.000000
1 131 111 0.000000
33 18 174 0.000000
14 147 187 0.000000
64 83 64 0.000000
42 93 24 0.000000
35 80 144 0.000000
45 109 112 0.000000
75 187 13 0.000000
13 87 30 0.000000
61 55 194 0.000000
16 4 88 0.000000
3 177 133 0.000000
42 45 190 0.000000
56 36 85 0.000000
64 185 146 0.000000
0 18 13 0.000000
23 192 109 0.000000

10 99 72 0.000000
29 50 40 0.000000
78 2 10 0.000000
72 156 147 0.000000
30 107 64 0.000000
28 192 73 0.000000
64 107 29 0.000000
22 20 175 0.000000
84 75 2 0.288630
33 15 104 0.000000
29 71 11 0.000000
77 199 27 0.000000
39 49 59 0.000000
12 53 186 0.000000
27 137 35 0.000000
60 164 49 0.000000
62 7 30 0.000000
77 39 54 0.081633
69 188 165 0.000000
68 177 107 0.000000
62 76 187 0.000000
45 135 198 0.000000
43 95 69 0.000000
62 172 10 0.000000
33 156 191 0.000000
55 155 69 0.000000
62 58 170 0.000000
88 91 65 1.081633
12 91 99 0.000000
70 199 105 0.000000
70 137 119 0.000000
79 129 66 0.000000
53 0 80 0.000000
82 61 74 0.548105
62 151 137 0.000000
39 145 1 0.000000
31 175 195 0.000000
60 59 36 0.000000
74 30 194 0.000000
52 63 73 0.000000
67 23 101 0.000000
63 165 114 0.000000
17 164 196 0.000000
18 172 4 0.000000
82 191 30 0.000000
29 164 132 0.000000
81 128 121 0.000000
27 2 135 0.000000
6 91 41 0.000000
9 30 122 0.000000
16 156 114 0.000000
23 41 117 0.000000
30 163 107 0.000000
28 127 10 0.000000
11 61 22 0.000000
26 96 195 0.000000
25 54 176 0.000000
60 120 23 0.000000
57 74 157 0.000000
4 95 132 0.000000
72 11 181 0.000000
53 166 194 0.000000
12 138 124 0.000000
74 51 143 0.000000
47 25 140 0.000000
62 198 190 0.000000
42 50 131 0.000000
33 90 182 0.000000
42 95 109 0.000000
78 150 183 0.000000
33 53 101 0.000000
52 154 80 0.000000
2 38 58 0.000000
59 159 43 0.000000
59 101 143 0.000000
71 133 193 0.000000
55 167 109 0.000000
41 65 195 0.000000
10 185 12 0.000000
53 62 0 0.000000
81 151 37 0.000000
14 134 68 0.000000
61 103 127 0.000000
77 25 34 0.000000
6 170 173 0.000000
66 59 34 0.000000
53 189 193 0.000000
2 119 142 0.000000
69 95 54 0.000000
4 68 196 0.000000
14 178 29 0.000000
29 9 129 0.000000
89 192 48 0.000000
30 167 22 0.000000
58 163 98 0.000000
24 167 19 0.000000
62 30 12 0.000000
52 155 123 0.000000
49 51 65 0.000000
82 32 193 0.043732

