
2942 2995 491

961 4827 481
5391 5436 327
153 3902 504
8421 382 592
1895 1718 416
5771 3726 347
1912 1869 438
8035 2299 467
5811 4703 594
8673 333 422
7711 3141 464
7547 868 353
5757 2662 344
8723 859 537
778 3529 441
4190 3035 316
3106 288 342
1264 2942 340
5805 3446 448
6370 729 590
4101 3006 350
1629 3548 393
1954 84 323
4966 5840 456
8308 1931 476
6626 2439 444
3538 5537 523
4929 2082 518
4115 4833 341
4704 5658 439
2306 1977 330
5021 4386 473
1072 2924 545
8777 5829 570
7512 5097 573
161 1290 586
6767 4355 336
4031 3574 555
1150 3350 352
4966 3724 441
3191 1107 430
6457 5337 307
1383 3753 587
5209 2909 545
