300
2500.000000 1500.000000 0.000000
2500.000000 1500.000000 0.000000
2500.000000 1530.000000 0.000000
2500.000000 1530.000000 0.000000
2500.000000 1560.000000 0.000000
2530.000000 1590.000000 0.000000
2530.000000 1590.000000 0.000000
2530.000000 1590.000000 0.000000
2530.000000 1590.000000 0.000000
2530.000000 1590.000000 0.000000
2530.000000 1590.000000 0.000000
2530.000000 1590.000000 0.000000
2530.000000 1590.000000 0.000000
2530.000000 1590.000000 0.000000
2530.000000 1620.000000 0.000000
2560.000000 1620.000000 0.000000
2560.000000 1650.000000 0.000000
2560.000000 1650.000000 0.000000
2560.000000 1680.000000 0.000000
2560.000000 1680.000000 0.000000
2560.000000 1680.000000 0.000000
2560.000000 1680.000000 0.000000
2590.000000 1680.000000 0.000000
2590.000000 1680.000000 0.000000
2590.000000 1680.000000 0.000000
2590.000000 1680.000000 0.000000
2590.000000 1710.000000 0.000000
2620.000000 1710.000000 0.000000
2620.000000 1710.000000 0.000000
2620.000000 1710.000000 0.000000
2620.000000 1710.000000 0.000000
2620.000000 1710.000000 0.000000
2650.000000 1710.000000 0.000000
2650.000000 1740.000000 0.000000
2650.000000 1740.000000 0.000000
2680.000000 1770.000000 0.000000
2710.000000 1770.000000 0.000000
2710.000000 1770.000000 0.000000
2740.000000 1770.000000 0.000000
2740.000000 1770.000000 0.000000
2740.000000 1770.000000 0.000000
2740.000000 1770.000000 0.000000
2770.000000 1800.000000 0.000000
2800.000000 1800.000000 0.000000
2800.000000 1800.000000 0.000000
2800.000000 1830.000000 0.000000
2830.000000 1830.000000 0.000000
2860.000000 1830.000000 0.000000
2860.000000 1860.000000 0.000000
2860.000000 1860.000000 0.000000
2860.000000 1860.000000 0.000000
2860.000000 1860.000000 0.000000
2860.000000 1890.000000 0.000000
2890.000000 1890.000000 0.000000
2890.000000 1890.000000 0.000000
2890.000000 1920.000000 0.000000
2890.000000 1920.000000 0.000000
2920.000000 1950.000000 0.000000
2920.000000 1950.000000 0.000000
2920.000000 1950.000000 0.000000
2920.000000 1980.000000 0.000000
2950.000000 1980.000000 0.000000
2950.000000 2010.000000 0.000000
2950.000000 2010.000000 0.000000
2950.000000 2010.000000 0.000000
2950.000000 2010.000000 0.000000
2980.000000 2010.000000 0.000000
2980.000000 2040.000000 0.000000
2980.000000 2040.000000 0.000000
2980.000000 2040.000000 0.000000
2980.000000 2040.000000 0.000000
2980.000000 2040.000000 0.000000
2980.000000 2040.000000 0.000000
2980.000000 2040.000000 0.000000
2980.000000 2040.000000 0.000000
2980.000000 2070.000000 0.000000
2980.000000 2100.000000 0.000000
3010.000000 2100.000000 0.000000
3010.000000 2130.000000 0.000000
3010.000000 2130.000000 0.000000
3040.000000 2130.000000 0.000000
3070.000000 2130.000000 0.000000
3100.000000 2130.000000 0.000000
3130.000000 2130.000000 0.000000
3130.000000 2130.000000 0.000000
3130.000000 2160.000000 0.000000
3130.000000 2190.000000 0.000000
3130.000000 2190.000000 0.000000
3130.000000 2190.000000 0.000000
3160.000000 2190.000000 0.000000
3190.000000 2220.000000 0.000000
3190.000000 2220.000000 0.000000
3190.000000 2220.000000 0.000000
3220.000000 2250.000000 0.000000
3220.000000 2250.000000 0.000000
3220.000000 2250.000000 0.000000
3220.000000 2250.000000 0.000000
3250.000000 2250.000000 0.000000
3250.000000 2250.000000 0.000000
3250.000000 2250.000000 0.000000
3250.000000 2250.000000 0.000000
3250.000000 2250.000000 0.000000
3250.000000 2250.000000 0.000000
3280.000000 2250.000000 0.000000
3280.000000 2280.000000 0.000000
3310.000000 2280.000000 0.000000
3310.000000 2280.000000 0.000000
3310.000000 2280.000000 0.000000
3310.000000 2310.000000 0.000000
3310.000000 2310.000000 0.000000
3310.000000 2310.000000 0.000000
3310.000000 2310.000000 0.000000
3340.000000 2310.000000 0.000000
3340.000000 2340.000000 0.000000
3340.000000 2340.000000 0.000000
3370.000000 2370.000000 0.000000
3370.000000 2370.000000 0.000000
3370.000000 2400.000000 0.000000
3370.000000 2400.000000 0.000000
3400.000000 2430.000000 0.000000
3430.000000 2430.000000 0.000000
3430.000000 2430.000000 0.000000
3460.000000 2430.000000 0.000000
3460.000000 2430.000000 0.000000
3460.000000 2460.000000 0.000000
3490.000000 2460.000000 0.000000
3490.000000 2460.000000 0.000000
3520.000000 2460.000000 0.000000
3550.000000 2490.000000 0.000000
3580.000000 2490.000000 0.000000
3580.000000 2490.000000 0.000000
3580.000000 2520.000000 0.000000
3610.000000 2520.000000 0.000000
3610.000000 2550.000000 0.000000
3610.000000 2550.000000 0.000000
3610.000000 2550.000000 0.000000
3610.000000 2580.000000 0.000000
3640.000000 2580.000000 0.000000
3640.000000 2580.000000 0.000000
3640.000000 2580.000000 0.000000
3640.000000 2580.000000 0.000000
3640.000000 2580.000000 0.000000
3640.000000 2580.000000 0.000000
3640.000000 2580.000000 0.000000
3640.000000 2580.000000 0.000000
3670.000000 2580.000000 0.000000
3700.000000 2610.000000 0.000000
3700.000000 2610.000000 0.000000
3700.000000 2640.000000 0.000000
3700.000000 2640.000000 0.000000
3700.000000 2640.000000 0.000000
3730.000000 2640.000000 0.000000
3730.000000 2670.000000 0.000000
3730.000000 2670.000000 0.000000
3730.000000 2670.000000 0.000000
3730.000000 2670.000000 0.000000
3730.000000 2700.000000 0.000000
3760.000000 2700.000000 0.000000
3760.000000 2700.000000 0.000000
3760.000000 2730.000000 0.000000
3760.000000 2730.000000 0.000000
3760.000000 2730.000000 0.000000
3790.000000 2730.000000 0.000000
3790.000000 2730.000000 0.000000
3790.000000 2760.000000 0.000000
3820.000000 2760.000000 0.000000
3850.000000 2760.000000 0.000000
3850.000000 2790.000000 0.000000
3880.000000 2790.000000 0.000000
3910.000000 2790.000000 0.000000
3910.000000 2790.000000 0.000000
3910.000000 2790.000000 0.000000
3910.000000 2790.000000 0.000000
3910.000000 2790.000000 0.000000
3910.000000 2790.000000 0.000000
3910.000000 2820.000000 0.000000
3910.000000 2850.000000 0.000000
3940.000000 2880.000000 0.000000
3940.000000 2880.000000 0.000000
3970.000000 2910.000000 0.000000
3970.000000 2910.000000 0.000000
3970.000000 2940.000000 0.000000
3970.000000 2940.000000 0.000000
3970.000000 2940.000000 0.000000
4000.000000 2940.000000 0.000000
4000.000000 2970.000000 0.000000
4030.000000 3000.000000 0.000000
4030.000000 3000.000000 0.000000
4030.000000 3000.000000 0.000000
4030.000000 3030.000000 0.000000
4030.000000 3030.000000 0.000000
4030.000000 3030.000000 0.000000
4060.000000 3030.000000 0.000000
4060.000000 3030.000000 0.000000
4060.000000 3030.000000 0.000000
4060.000000 3060.000000 0.000000
4090.000000 3090.000000 0.000000
4120.000000 3090.000000 0.000000
4120.000000 3120.000000 0.000000
4120.000000 3120.000000 0.000000
4120.000000 3120.000000 0.000000
4120.000000 3150.000000 0.000000
4120.000000 3150.000000 0.000000
4150.000000 3150.000000 0.000000
4150.000000 3150.000000 0.000000
4150.000000 3150.000000 0.000000
4150.000000 3150.000000 0.000000
4150.000000 3150.000000 0.000000
4150.000000 3150.000000 0.000000
4150.000000 3180.000000 0.000000
4150.000000 3180.000000 0.000000
4150.000000 3210.000000 0.000000
4150.000000 3210.000000 0.000000
4150.000000 3210.000000 0.000000
4150.000000 3210.000000 0.000000
4180.000000 3240.000000 0.000000
4180.000000 3240.000000 0.000000
4180.000000 3240.000000 0.000000
4180.000000 3270.000000 0.000000
4180.000000 3300.000000 0.000000
4180.000000 3300.000000 0.000000
4180.000000 3330.000000 0.000000
4210.000000 3330.000000 0.000000
4210.000000 3330.000000 0.000000
4210.000000 3330.000000 0.000000
4210.000000 3360.000000 0.000000
4210.000000 3360.000000 0.000000
4240.000000 3390.000000 0.000000
4270.000000 3420.000000 0.000000
4270.000000 3450.000000 0.000000
4270.000000 3450.000000 0.000000
4270.000000 3480.000000 0.000000
4270.000000 3510.000000 0.000000
4270.000000 3540.000000 0.000000
4270.000000 3540.000000 0.000000
4300.000000 3540.000000 0.000000
4300.000000 3540.000000 0.000000
4330.000000 3540.000000 0.000000
4330.000000 3540.000000 0.000000
4330.000000 3570.000000 0.000000
4330.000000 3570.000000 0.000000
4330.000000 3600.000000 0.000000
4330.000000 3600.000000 0.000000
4330.000000 3600.000000 0.000000
4330.000000 3600.000000 0.000000
4330.000000 3630.000000 0.000000
4330.000000 3660.000000 0.000000
4330.000000 3660.000000 0.000000
4330.000000 3690.000000 0.000000
4330.000000 3690.000000 0.000000
4330.000000 3690.000000 0.000000
4330.000000 3690.000000 0.000000
4330.000000 3690.000000 0.000000
4330.000000 3720.000000 0.000000
4330.000000 3720.000000 0.000000
4330.000000 3720.000000 0.000000
4330.000000 3750.000000 0.000000
4360.000000 3750.000000 0.000000
4390.000000 3750.000000 0.000000
4390.000000 3750.000000 0.000000
4420.000000 3750.000000 0.000000
4450.000000 3750.000000 0.000000
4480.000000 3780.000000 0.000000
4480.000000 3780.000000 0.000000
4480.000000 3780.000000 0.000000
4510.000000 3780.000000 0.000000
4510.000000 3780.000000 0.000000
4510.000000 3780.000000 0.000000
4510.000000 3780.000000 0.000000
4510.000000 3780.000000 0.000000
4510.000000 3810.000000 0.000000
4510.000000 3840.000000 0.000000
4510.000000 3870.000000 0.000000
4510.000000 3870.000000 0.000000
4510.000000 3900.000000 0.000000
4510.000000 3930.000000 0.000000
4510.000000 3960.000000 0.000000
4510.000000 3960.000000 0.000000
4540.000000 3990.000000 0.000000
4540.000000 3990.000000 0.000000
4540.000000 3990.000000 0.000000
4540.000000 3990.000000 0.000000
4540.000000 3990.000000 0.000000
4540.000000 3990.000000 0.000000
4540.000000 3990.000000 0.000000
4540.000000 4020.000000 0.000000
4540.000000 4020.000000 0.000000
4540.000000 4020.000000 0.000000
4540.000000 4020.000000 0.000000
4540.000000 4020.000000 0.000000
4570.000000 4020.000000 0.000000
4570.000000 4050.000000 0.000000
4570.000000 4080.000000 0.000000
4570.000000 4110.000000 0.000000
4570.000000 4110.000000 0.000000
4600.000000 4110.000000 0.000000
4600.000000 4110.000000 0.000000
4600.000000 4110.000000 0.000000
4600.000000 4140.000000 0.000000
4600.000000 4140.000000 0.000000
