100
465 965 0 61 33 0
150 6028 0 -74 -47 0
426 6978 0 -33 -38 0
940 2162 0 -7 -8 0
553 7478 0 -23 14 0
789 5976 0 -5 50 0
989 2360 0 -98 -32 0
59 5552 0 -15 -19 0
943 5112 0 30 -56 0
455 2362 0 -61 14 0
593 3036 0 -92 -48 0
515 7463 0 87 -46 0
298 371 0 71 -79 0
995 4579 0 34 -28 0
326 472 0 -13 35 0
971 2410 0 -22 77 0
561 3729 0 47 -79 0
178 1542 0 -15 -17 0
778 5005 0 -8 -19 0
433 7199 0 23 68 0
686 4799 0 -34 -84 0
529 6478 0 43 -70 0
63 2848 0 74 -58 0
144 4795 0 40 -12 0
107 3427 0 -53 -3 0
88 1510 0 -74 -56 0
789 5542 0 -4 50 0
304 2834 0 99 -69 0
170 5726 0 79 -24 0
63 6221 0 17 56 0
464 2256 0 -78 -93 0
175 2051 0 -27 -84 0
562 6501 0 30 -77 0
176 6417 0 -98 -63 0
526 6392 0 -21 -56 0
317 6908 0 47 17 0
358 3262 0 93 96 0
737 1955 0 -41 -97 0
285 2711 0 -4 64 0
627 6304 0 -60 -89 0
998 5913 0 -76 16 0
87 4266 0 67 67 0
422 2263 0 -15 64 0
449 684 0 77 -51 0
867 182 0 -91 14 0
342 3685 0 20 -10 0
842 2392 0 -70 89 0
430 399 0 -34 36 0
134 2303 0 -98 30 0
434 5649 0 28 -53 0
287 6814 0 -96 -76 0
668 1724 0 62 40 0
914 5602 0 -47 -6 0
919 6606 0 -47 -25 0
847 1205 0 -26 69 0
198 5273 0 -33 -94 0
983 4136 0 32 -56 0
917 4128 0 -15 59 0
933 7131 0 -2 12 0
529 2007 0 5 71 0
639 7038 0 -72 37 0
420 3553 0 -16 34 0
929 660 0 67 -39 0
784 7116 0 71 -3 0
61 5740 0 42 51 0
606 5387 0 98 -57 0
168 107 0 10 -42 0
233 5382 0 -76 -89 0
800 595 0 -42 -45 0
42 2390 0 -38 -29 0
166 4888 0 46 73 0
434 6247 0 -70 69 0
61 7078 0 -89 -64 0
132 346 0 -48 -22 0
137 6871 0 21 -24 0
444 2684 0 48 -38 0
944 324 0 26 -20 0
7 1395 0 -56 37 0
388 54 0 -37 77 0
695 3335 0 77 -24 0
411 1686 0 44 88 0
146 52 0 -60 58 0
839 4423 0 -63 -16 0
364 6973 0 4 97 0
95 6645 0 71 -51 0
370 7455 0 -48 -42 0
514 5077 0 -71 46 0
459 2484 0 -74 21 0
659 6388 0 -30 35 0
878 5846 0 34 94 0
771 3147 0 36 -4 0
572 6708 0 30 62 0
624 2296 0 -21 -36 0
952 7860 0 16 10 0
731 2299 0 -38 10 0
695 5337 0 -38 -52 0
555 6422 0 85 -92 0
849 7265 0 -3 -8 0
525 7903 0 -54 -12 0
745 2996 0 11 -92 0
