300
1040 753 0 73 53 0
3000 1773 0 56 -54 0
788 2266 0 41 49 0
833 2368 0 66 -28 0
2734 511 0 56 -97 0
920 2836 0 91 -9 0
1875 1179 0 -45 -53 0
1259 456 0 -40 6 0
1967 230 0 33 -98 0
1078 2096 0 -54 92 0
1356 1267 0 19 88 0
515 1697 0 70 -28 0
1355 476 0 81 -24 0
1533 1597 0 -87 74 0
2881 764 0 -56 63 0
2158 415 0 -6 -80 0
1702 1410 0 -72 -1 0
1066 672 0 -79 -76 0
581 1399 0 -33 -8 0
2736 255 0 68 -18 0
2253 1642 0 41 -43 0
878 2307 0 3 82 0
1179 1416 0 72 32 0
687 1065 0 -53 73 0
2446 2466 0 81 -14 0
2090 1633 0 45 3 0
2349 46 0 23 -91 0
241 2291 0 -79 2 0
1448 2911 0 -55 17 0
1648 2284 0 87 3 0
1797 340 0 -78 -48 0
1481 2086 0 91 11 0
2238 140 0 93 4 0
2244 2461 0 -55 -56 0
1720 91 0 -84 83 0
2547 2016 0 8 -40 0
2234 409 0 -7 -71 0
1926 1617 0 -95 50 0
371 1190 0 -47 82 0
417 2702 0 80 -30 0
349 2428 0 73 -85 0
1380 1386 0 -18 66 0
645 2240 0 -16 -37 0
1651 2210 0 -59 23 0
766 360 0 -84 -90 0
2045 1262 0 65 -53 0
1280 1357 0 51 -68 0
1472 1138 0 -22 -30 0
1035 2682 0 -25 29 0
2032 424 0 8 -98 0
2035 593 0 29 -20 0
2837 2063 0 52 100 0
2587 2981 0 -18 10 0
2666 163 0 50 -24 0
848 432 0 -32 -41 0
2776 1052 0 -96 -53 0
822 2382 0 -72 -24 0
848 591 0 48 -40 0
455 1782 0 92 -18 0
355 252 0 -81 81 0
955 1282 0 19 71 0
784 2600 0 78 86 0
1373 2554 0 -64 2 0
2046 2344 0 -99 -59 0
1214 1822 0 -33 2 0
1321 1371 0 -64 -16 0
271 2944 0 -78 -17 0
2493 2155 0 -88 -49 0
27 197 0 -93 -35 0
2911 940 0 96 -80 0
2370 1183 0 -93 99 0
1482 1665 0 81 4 0
538 1991 0 56 -78 0
1115 101 0 48 84 0
2247 733 0 26 48 0
943 1227 0 -34 -24 0
7 2066 0 -36 23 0
2529 2007 0 -8 47 0
1880 1263 0 0 79 0
1692 1774 0 91 93 0
2094 2238 0 -20 -100 0
1664 1481 0 92 -19 0
1097 670 0 -14 39 0
135 2910 0 69 76 0
1557 567 0 24 41 0
892 183 0 96 78 0
2378 1074 0 99 68 0
2209 1008 0 -68 70 0
858 1413 0 6 -99 0
1470 1943 0 -60 73 0
1280 2020 0 -58 49 0
68 125 0 0 -56 0
1766 1178 0 67 100 0
1077 2054 0 -43 -11 0
2516 2724 0 68 21 0
512 2064 0 41 -35 0
601 877 0 100 100 0
1898 2019 0 -81 -39 0
991 1705 0 -6 3 0
168 1950 0 6 6 0
388 1959 0 -52 94 0
475 2368 0 -33 54 0
1983 947 0 -49 99 0
1126 1021 0 -78 -6 0
1053 498 0 93 12 0
887 2018 0 18 58 0
2523 2396 0 55 -62 0
264 287 0 -52 -6 0
1766 1809 0 73 0 0
489 713 0 -12 -90 0
1259 1229 0 -44 80 0
2409 2437 0 23 -23 0
813 2665 0 22 -15 0
2475 683 0 15 -52 0
341 1049 0 96 22 0
754 1595 0 -11 64 0
98 80 0 69 74 0
2536 1949 0 -66 -27 0
439 192 0 46 -20 0
1193 1551 0 -82 -12 0
2089 1884 0 82 -90 0
1000 1733 0 -72 -96 0
1610 2761 0 58 -1 0
2512 962 0 49 81 0
1334 999 0 -100 -60 0
271 1683 0 -21 -78 0
2498 1927 0 -68 -67 0
2994 1794 0 -76 -65 0
159 2869 0 53 57 0
2141 1015 0 -95 -81 0
2872 1274 0 11 7 0
918 2814 0 16 -63 0
2288 2331 0 -77 -47 0
2334 1787 0 75 89 0
771 291 0 -80 80 0
771 2034 0 -7 -31 0
2158 322 0 58 51 0
1296 2465 0 -87 -35 0
2711 1513 0 49 -83 0
2885 1546 0 19 45 0
533 559 0 23 -57 0
1759 2196 0 22 -52 0
2600 1946 0 -43 -77 0
1040 315 0 45 -51 0
496 78 0 34 6 0
973 2899 0 93 -99 0
66 2812 0 37 -15 0
1967 240 0 52 -41 0
1676 2830 0 -92 80 0
1101 1175 0 -32 -91 0
2835 726 0 -97 60 0
986 105 0 56 87 0
528 258 0 89 47 0
1362 769 0 10 53 0
2452 365 0 4 -10 0
1655 1822 0 -30 -7 0
1769 483 0 -51 96 0
2495 819 0 -50 16 0
1548 2779 0 -88 -39 0
2442 699 0 -53 3 0
1222 216 0 -59 -53 0
2929 19 0 77 98 0
1850 1397 0 -88 -90 0
2863 2060 0 -42 99 0
1022 2259 0 -88 -82 0
2275 1442 0 -22 80 0
123 2554 0 -29 16 0
1430 979 0 50 88 0
2744 2610 0 -27 -53 0
818 2253 0 54 13 0
1890 1625 0 -47 44 0
2208 2182 0 5 -92 0
2131 1971 0 -12 -43 0
1101 1665 0 -14 26 0
1356 2765 0 -8 19 0
2415 2510 0 72 65 0
1569 875 0 -61 -74 0
2178 2307 0 -6 55 0
479 934 0 -28 87 0
174 553 0 -100 74 0
802 1409 0 -64 19 0
2693 1511 0 -14 5 0
2625 1745 0 70 10 0
122 2279 0 -55 11 0
2016 2612 0 -98 -99 0
2596 1299 0 -97 51 0
2806 1253 0 -33 77 0
2151 1840 0 14 98 0
1497 2536 0 1 15 0
2272 2433 0 -21 34 0
2264 2498 0 -96 45 0
2552 672 0 -44 -56 0
1003 1596 0 50 44 0
2912 2601 0 -60 25 0
112 2034 0 88 61 0
2851 2464 0 32 32 0
2183 355 0 59 57 0
2971 1445 0 -67 30 0
913 844 0 26 58 0
1815 1633 0 -63 -64 0
1800 2670 0 86 -58 0
201 891 0 95 22 0
507 1886 0 90 -54 0
2438 2985 0 41 -7 0
24 1929 0 -7 -77 0
133 1179 0 15 -58 0
883 965 0 16 51 0
1544 1698 0 71 -50 0
1007 272 0 -14 66 0
1454 340 0 27 -91 0
974 521 0 -31 29 0
2763 122 0 91 37 0
1373 1760 0 63 -34 0
652 1056 0 32 -82 0
2669 1037 0 -35 -11 0
965 982 0 32 75 0
1382 290 0 -25 87 0
2590 189 0 -68 -5 0
409 2532 0 -38 72 0
842 0 0 61 -36 0
90 1780 0 -37 -3 0
2597 2586 0 -7 76 0
1069 250 0 74 -84 0
401 325 0 62 95 0
2285 1899 0 -68 67 0
59 2041 0 58 -18 0
2758 1091 0 55 62 0
2961 1705 0 91 -66 0
2675 886 0 -100 -29 0
1757 664 0 45 78 0
1136 796 0 -69 55 0
1821 319 0 -20 14 0
1429 1621 0 -78 -30 0
1579 217 0 -49 -8 0
1900 871 0 22 -92 0
1632 1907 0 -62 68 0
805 1557 0 -59 67 0
2185 1472 0 -29 -47 0
2072 825 0 86 91 0
856 327 0 22 66 0
1174 2389 0 -62 -94 0
2181 1813 0 14 35 0
447 809 0 -97 55 0
1006 1118 0 -33 44 0
2532 2709 0 -16 5 0
1222 1068 0 77 100 0
858 1798 0 -26 -86 0
1861 2512 0 91 73 0
2995 2775 0 50 -61 0
2904 2073 0 77 -81 0
2003 1909 0 -90 95 0
202 1890 0 -75 -82 0
855 2279 0 23 50 0
375 1115 0 -6 -13 0
2862 1013 0 14 -82 0
1448 2762 0 -45 -93 0
2609 1006 0 88 -75 0
2422 1911 0 -35 -34 0
2070 2292 0 2 -15 0
1467 1629 0 18 76 0
1758 1133 0 -96 78 0
1659 136 0 -27 -94 0
1197 2421 0 91 -11 0
2653 2368 0 100 -24 0
1490 835 0 -45 92 0
1083 1707 0 -49 -60 0
591 2198 0 -59 1 0
2188 1086 0 79 -40 0
1936 791 0 -21 -79 0
797 1443 0 -28 50 0
860 2721 0 32 36 0
284 650 0 67 -80 0
2388 837 0 47 56 0
1709 2887 0 -18 -10 0
1649 68 0 -30 15 0
191 653 0 -4 56 0
1078 2665 0 -97 -64 0
1496 1601 0 -58 90 0
1879 811 0 -29 43 0
2898 1546 0 -2 -55 0
233 2761 0 -63 -47 0
2671 2625 0 -85 64 0
2384 976 0 2 -56 0
2017 425 0 -18 -95 0
201 340 0 96 87 0
1849 519 0 -81 31 0
331 627 0 -42 73 0
513 1602 0 62 90 0
2551 417 0 -48 46 0
2237 289 0 82 29 0
161 2432 0 -42 -99 0
267 593 0 80 -19 0
857 2746 0 24 -28 0
2908 1943 0 88 5 0
404 545 0 -52 4 0
1665 1704 0 -18 -34 0
1888 240 0 60 10 0
738 2483 0 52 9 0
1402 2090 0 63 62 0
1690 2232 0 -65 -20 0
