100
65 432 0 29 -92 0
3176 6481 0 -81 62 0
5153 3313 0 40 -3 0
1782 3442 0 94 79 0
2665 7650 0 -17 87 0
1654 5399 0 -16 -74 0
4648 682 0 -93 -46 0
1181 7369 0 -90 10 0
215 4191 0 80 99 0
2799 3994 0 59 -95 0
3699 7399 0 -25 -85 0
2007 7734 0 -35 4 0
5618 3788 0 63 -84 0
1669 3193 0 -92 -28 0
4531 6941 0 48 -70 0
4115 5603 0 -93 -44 0
312 4233 0 23 81 0
4459 2133 0 50 -75 0
3067 7096 0 -13 -71 0
1056 7268 0 -65 7 0
4790 6028 0 70 -13 0
4603 509 0 -95 53 0
5308 1790 0 -98 48 0
2207 6819 0 -78 -32 0
722 2739 0 35 -54 0
2743 5164 0 22 80 0
2212 654 0 -42 89 0
3025 4562 0 -44 52 0
5745 5412 0 -37 58 0
3209 6884 0 -26 -15 0
784 5479 0 -53 47 0
1491 2516 0 5 -87 0
3428 1335 0 61 3 0
1541 762 0 -78 -14 0
3835 4246 0 -14 -46 0
2268 3648 0 -65 -93 0
3303 6428 0 -54 33 0
5854 4455 0 -52 -43 0
5859 1602 0 85 85 0
3648 6966 0 41 -48 0
3273 5127 0 8 48 0
3479 5153 0 -8 -67 0
4122 1224 0 -94 33 0
5763 1631 0 97 35 0
4483 6314 0 -27 75 0
5955 755 0 12 -62 0
2077 915 0 -21 33 0
3573 6456 0 93 34 0
3880 6065 0 73 40 0
5310 3415 0 -80 20 0
1764 2446 0 12 67 0
2076 7678 0 -45 24 0
5416 3075 0 -21 -23 0
5377 7908 0 -34 57 0
2482 262 0 -25 -55 0
1651 1040 0 -95 34 0
2713 7531 0 14 18 0
895 3740 0 -32 -81 0
5785 2014 0 82 -64 0
5604 5833 0 67 -81 0
3918 3438 0 -45 -82 0
4466 3432 0 62 -96 0
5324 7400 0 39 26 0
4792 3762 0 97 82 0
3895 1398 0 94 66 0
4699 6331 0 43 74 0
1523 7916 0 10 -25 0
1648 7151 0 87 88 0
1747 7887 0 -98 -54 0
3738 3347 0 -18 -37 0
1258 4744 0 59 23 0
2388 955 0 -57 -56 0
2285 4859 0 28 58 0
4334 4176 0 -34 -13 0
4568 5783 0 1 -65 0
1877 3818 0 -6 81 0
954 4355 0 11 -59 0
1843 5662 0 92 65 0
2088 4194 0 -64 -55 0
391 6191 0 24 100 0
2537 7795 0 27 -57 0
5330 3180 0 73 -7 0
697 1987 0 33 -4 0
5986 4524 0 -26 -62 0
3661 121 0 76 40 0
5281 6452 0 23 92 0
4751 4915 0 7 66 0
3838 2287 0 27 -70 0
2006 4848 0 84 86 0
2088 7525 0 -49 60 0
379 2184 0 -68 -21 0
1708 7475 0 -69 97 0
5530 5060 0 32 -30 0
1582 7497 0 -56 75 0
4019 5030 0 -95 -36 0
39 2487 0 -82 -99 0
3481 1353 0 -35 48 0
1493 2143 0 33 -100 0
5701 5992 0 -83 6 0
1678 1339 0 -84 64 0
